0
Семенівський район
14000
5
1
Новгород-Сіверський
35000
8
2
Шостка
50000
11
3
Корюківка
45000
7
4
Глухів
45000
13
5
Дубровицький район
35000
5
6
Камінь-Каширський
75000
12
7
Сосниця
23600
5
10
Городня
65000
18
12
Вараш
90000
27
13
Славутич
21400
35
15
Припʼять
5000
1
16
Чорнобиль
3500
0
20
Маневичі
13400
2
28
Іванків
24000
4
31
Димер
16253
9
34
Вишгород
28500
12
40
Гостомель
11200
9
45
Пісківка
6800
1
46
Бровари
115640
52
47
Калита
8600
3
49
Лівобережний Київ
835150
655
50
Згурівка
13500
6
52
Правобережний Київ
1875000
1724
58
Буча та Ірпінь
197000
84
64
Березань
24500
26
68
Бориспіль
76000
68
70
Обухів
56000
97
71
Бишів
5600
2
72
Боярка
41300
8
77
Переяслав
21780
14
80
Фастів
48300
29
87
Яготин
29870
36
89
Кагарлик
34600
21
98
Узин
17400
5
106
Рокитне
19300
7
119
Богуслав
42500
16
130
Біла Церква
185620
45
134
Тараща
21890
8
137
Тетіїв
39800
11