0
Семенівський район
14000
5
1
Новгород-Сіверський
35000
16
2
Шостка
50000
23
3
Корюківка
45600
14
4
Глухів
41000
13
5
Дубровицький район
35000
5
6
Камінь-Каширський
75000
12
7
Сосниця
23600
5
10
Городня
65000
18
12
Вараш
90000
27
13
Славутич
21400
35
15
Припʼять
5000
1
16
Чорнобиль
3500
0
17
Чернігів
256000
187
20
Маневичі
13400
2
28
Іванків
24000
4
29
Козелець
35680
7
31
Димер
16253
9
34
Вишгород
28500
12
40
Гостомель
11200
9
45
Пісківка
6800
1
46
Бровари
115640
52
47
Калита
8600
3
49
Лівобережний Київ
435150
355
50
Згурівка
13500
6
52
Правобережний Київ
935000
724
58
Буча та Ірпінь
197000
114
64
Березань
24500
26
66
Пирятин
13000
10
67
Гадяч
43780
32
68
Бориспіль
76000
68
70
Обухів
56000
97
71
Бишів
5600
2
72
Боярка
41300
18
77
Переяслав
21780
14
80
Фастів
48300
29
87
Яготин
29870
36
89
Кагарлик
34600
21
98
Узин
17400
5
99
Миргород
89000
78
100
Лубни
156340
102
106
Рокитне
19300
7
108
Драбів
13000
5
113
Велика Багачка
27890
15
116
Кропивна
31050
11
119
Богуслав
42500
16
129
Іркліїв
6000
1
130
Біла Церква
185620
75
131
Черкаси
215350
178
134
Тараща
21890
8
137
Тетіїв
39800
11
146
Канів
88000
23
160
Чигирин
65900
18
164
Сміла
59670
20
173
Світловодськ
58450
43
187
Знамʼянка
78560
27
195
Новомиргород
42560
19
209
Олександрія
78670
48
213
Аджамка
5670
2
226
Кропивницький
185680
118
243
Ґолованівськдорф
115320
27
245
Петрове
18540
7
246
Гайнрабе
14560
7
253
Нойюкраїнішбурґ
98650
21
280
Бобринець
49700
11
